Masses [0.2 , 0.25, 0.28, 0.3 , 0.34, 0.36, 0.4 , 0.43, 0.45, 0.48, 0.5 ]
Distances [ 0,  5, 10, 20, 20, 30, 40]
MuzzleVelocitiesOld [[109.5,  98. ,  92.6,  89.4,  84. ,  81.6,  77.5,  74.7,  73. ,  70.7,  69.3],
                     [120.4, 107.7, 101.8,  98.3,  92.4,  89.8,  85.1,  82.1,  80. ,  77.1,  75.2],
                     [130.4, 116.6, 110.2, 106.5, 100. ,  97.2,  92.2,  88.9,  86.9,  84. ,  81.7],
                     [148.3, 132.7, 125.4, 121.1, 113.8, 110.6, 104.9, 101.2,  98.9,  95.7,  93.8],
                     [148.3, 132.7, 125.4, 121.1, 113.8, 110.6, 104.9, 101.2,  98.9,  95.7,  93.8],
                     [173.2, 154.9, 146.4, 141.4, 132.8, 129.1, 122.5, 118.1, 115.5, 111.8, 109.5],
                     [200. , 178.9, 169. , 163.3, 153.4, 149.1, 141.4, 136.4, 133.3, 129.1, 126.5]]
MuzzleVelocitiesNew [[100. ,  89.4,  84.5,  81.6,  76.7,  74.5,  70.7,  68.2,  66.7,  64.5,  63.2],
                     [115.8, 103.5,  97.8,  93.7,  86.6,  83.6,  78.4,  75.1,  73.1,  70.4,  68.7],
                     [132.7, 118.7, 112.1, 107.5,  97.8,  93.8,  86.9,  82.6,  80.1,  76.7,  74.6],
                     [145.3, 129.9, 122.8, 118.6, 111.4, 108.3, 102.7,  99.1,  96.8,  93.8,  91.5],
                     [158.4, 141.7, 133.9, 129.4, 121.5, 118.1, 112. , 107.9, 103.7,  98.1,  94.8],
                     [182.8, 163.5, 154.5, 149.2, 140.2, 136.2, 129.2, 124.6, 121.8, 116.5, 111.8],
                     [213.3, 190.8, 180.3, 174.2, 163.6, 159. , 150.8, 145.5, 142.2, 137.7, 131.9]]
MuzzleVelocityDiff [[-9.5, -8.5, -8.1, -7.8, -7.3, -7.1, -6.7, -6.5, -6.4, -6.2, -6. ],
                    [-4.7, -4.2, -3.9, -4.6, -5.8, -6.2, -6.7, -7. , -7. , -6.7, -6.6],
                    [ 2.3,  2. ,  1.9,  1.1, -2.2, -3.4, -5.3, -6.3, -6.8, -7.3, -7.1],
                    [-3.1, -2.7, -2.6, -2.5, -2.4, -2.3, -2.2, -2.1, -2. , -2. , -2.3],
                    [10.1,  9. ,  8.5,  8.3,  7.8,  7.5,  7.1,  6.7,  4.8,  2.3,  1. ],
                    [ 9.6,  8.5,  8.1,  7.8,  7.3,  7.1,  6.8,  6.5,  6.4,  4.7,  2.3],
                    [13.3, 11.9, 11.2, 10.9, 10.2,  9.9,  9.4,  9.1,  8.9,  8.6,  5.4]]
MuzzleEnergyOld [[1.2  , 1.2  , 1.2  , 1.2  , 1.2  , 1.2  , 1.2  , 1.2  , 1.2  , 1.2  , 1.2  ],
                 [1.45 , 1.45 , 1.45 , 1.45 , 1.45 , 1.45 , 1.45 , 1.45 , 1.442, 1.425, 1.416],
                 [1.7  , 1.7  , 1.7  , 1.7  , 1.7  , 1.7  , 1.7  , 1.7  , 1.7  , 1.693, 1.67 ],
                 [2.2  , 2.2  , 2.2  , 2.2  , 2.2  , 2.2  , 2.2  , 2.2  , 2.2  , 2.2  , 2.2  ],
                 [2.2  , 2.2  , 2.2  , 2.2  , 2.2  , 2.2  , 2.2  , 2.2  , 2.2  , 2.2  , 2.2  ],
                 [3.   , 3.   , 3.   , 3.   , 3.   , 3.   , 3.   , 3.   , 3.   , 3.   , 3.   ],
                 [4.   , 4.   , 4.   , 4.   , 4.   , 4.   , 4.   , 4.   , 4.   , 4.   , 4.   ]]
MuzzleEnergyNew [[1.   , 1.   , 1.   , 1.   , 1.   , 1.   , 1.   , 1.   , 1.   , 1.   , 1.   ],
                 [1.34 , 1.34 , 1.34 , 1.317, 1.275, 1.258, 1.229, 1.212, 1.202, 1.188, 1.18 ],
                 [1.76 , 1.76 , 1.76 , 1.734, 1.626, 1.582, 1.511, 1.468, 1.444, 1.411, 1.392],
                 [2.11 , 2.11 , 2.11 , 2.11 , 2.11 , 2.11 , 2.11 , 2.11 , 2.11 , 2.11 , 2.091],
                 [2.51 , 2.51 , 2.51 , 2.51 , 2.51 , 2.51 , 2.51 , 2.501, 2.417, 2.309, 2.246],
                 [3.34 , 3.34 , 3.34 , 3.34 , 3.34 , 3.34 , 3.34 , 3.34 , 3.34 , 3.258, 3.126],
                 [4.55 , 4.55 , 4.55 , 4.55 , 4.55 , 4.55 , 4.55 , 4.55 , 4.55 , 4.55 , 4.35 ]]
MuzzleEnergyDiff [[-0.2  , -0.2  , -0.2  , -0.2  , -0.2  , -0.2  , -0.2  , -0.2  , -0.2  , -0.2  ,
                   -0.2  ],
                  [-0.11 , -0.11 , -0.11 , -0.133, -0.175, -0.192, -0.221, -0.238, -0.24 , -0.238,
                   -0.236],
                  [ 0.06 ,  0.06 ,  0.06 ,  0.034, -0.074, -0.118, -0.189, -0.232, -0.256, -0.282,
                   -0.278],
                  [-0.09 , -0.09 , -0.09 , -0.09 , -0.09 , -0.09 , -0.09 , -0.09 , -0.09 , -0.09 ,
                   -0.109],
                  [ 0.31 ,  0.31 ,  0.31 ,  0.31 ,  0.31 ,  0.31 ,  0.31 ,  0.301,  0.217,  0.109,
                    0.046],
                  [ 0.34 ,  0.34 ,  0.34 ,  0.34 ,  0.34 ,  0.34 ,  0.34 ,  0.34 ,  0.34 ,  0.258,
                    0.126],
                  [ 0.55 ,  0.55 ,  0.55 ,  0.55 ,  0.55 ,  0.55 ,  0.55 ,  0.55 ,  0.55 ,  0.55 ,
                    0.35 ]]
ImpactEnergyOld [[1.2  , 1.2  , 1.2  , 1.2  , 1.2  , 1.2  , 1.2  , 1.2  , 1.2  , 1.2  , 1.2  ],
                 [0.959, 1.042, 1.08 , 1.101, 1.137, 1.153, 1.179, 1.197, 1.2  , 1.2  , 1.2  ],
                 [0.744, 0.878, 0.942, 0.98 , 1.046, 1.074, 1.125, 1.158, 1.178, 1.2  , 1.2  ],
                 [0.422, 0.587, 0.676, 0.731, 0.832, 0.879, 0.963, 1.02 , 1.056, 1.105, 1.136],
                 [0.422, 0.587, 0.676, 0.731, 0.832, 0.879, 0.963, 1.02 , 1.056, 1.105, 1.136],
                 [0.252, 0.413, 0.511, 0.575, 0.698, 0.757, 0.869, 0.947, 0.997, 1.068, 1.113],
                 [0.147, 0.284, 0.378, 0.442, 0.573, 0.638, 0.767, 0.86 , 0.921, 1.01 , 1.067]]
ImpactEnergyNew [[1.   , 1.   , 1.   , 1.   , 1.   , 1.   , 1.   , 1.   , 1.   , 1.   , 1.   ],
                 [0.887, 0.963, 0.998, 1.   , 1.   , 1.   , 1.   , 1.   , 1.   , 1.   , 1.   ],
                 [0.77 , 0.909, 0.976, 1.   , 1.   , 1.   , 1.   , 1.   , 1.   , 1.   , 1.   ],
                 [0.404, 0.563, 0.648, 0.701, 0.798, 0.843, 0.924, 0.978, 1.012, 1.06 , 1.08 ],
                 [0.481, 0.669, 0.771, 0.834, 0.95 , 1.002, 1.099, 1.16 , 1.16 , 1.16 , 1.16 ],
                 [0.28 , 0.46 , 0.569, 0.64 , 0.777, 0.843, 0.967, 1.055, 1.11 , 1.16 , 1.16 ],
                 [0.167, 0.324, 0.43 , 0.503, 0.651, 0.726, 0.872, 0.978, 1.048, 1.148, 1.16 ]]
ImpactEnergyDiff [[-0.2  , -0.2  , -0.2  , -0.2  , -0.2  , -0.2  , -0.2  , -0.2  , -0.2  , -0.2  ,
                   -0.2  ],
                  [-0.073, -0.079, -0.082, -0.101, -0.137, -0.153, -0.179, -0.197, -0.2  , -0.2  ,
                   -0.2  ],
                  [ 0.026,  0.031,  0.033,  0.02 , -0.046, -0.074, -0.125, -0.158, -0.178, -0.2  ,
                   -0.2  ],
                  [-0.017, -0.024, -0.028, -0.03 , -0.034, -0.036, -0.039, -0.042, -0.043, -0.045,
                   -0.056],
                  [ 0.059,  0.083,  0.095,  0.103,  0.117,  0.124,  0.136,  0.14 ,  0.104,  0.055,
                    0.024],
                  [ 0.029,  0.047,  0.058,  0.065,  0.079,  0.086,  0.098,  0.107,  0.113,  0.092,
                    0.047],
                  [ 0.02 ,  0.039,  0.052,  0.061,  0.079,  0.088,  0.105,  0.118,  0.127,  0.139,
                    0.093]]
