Masses [0.2 , 0.25, 0.28, 0.3 , 0.34, 0.36, 0.4 , 0.43, 0.45, 0.48, 0.5 ]
Distances [ 0,  5, 10, 20, 20, 30, 40]
MuzzleVelocitiesOld [[109.5,  98. ,  92.6,  89.4,  84. ,  81.6,  77.5,  74.7,  73. ,  70.7,  69.3],
                     [120.4, 107.7, 101.8,  98.3,  92.4,  89.8,  84.5,  81. ,  78.9,  76. ,  74.3],
                     [130.4, 116.6, 110.2, 106.5, 100. ,  97.2,  92.1,  87.8,  85.2,  81.7,  79.6],
                     [148.3, 132.7, 125.4, 121.1, 113.8, 110.6, 104.9, 101.2,  98.9,  94.4,  91.4],
                     [148.3, 132.7, 125.4, 121.1, 113.8, 110.6, 104.9, 101.2,  98.9,  94.4,  91.4],
                     [173.2, 154.9, 146.4, 141.4, 132.8, 129.1, 122.5, 118.1, 115.5, 109. , 105. ],
                     [200. , 178.9, 169. , 163.3, 153.4, 149.1, 141.4, 136.4, 133.3, 125.9, 120.6]]
MuzzleVelocitiesNew [[109.5,  98. ,  92.6,  89.4,  84. ,  81.6,  77.5,  74.7,  73. ,  70.7,  69.3],
                     [120.4, 107.7, 101.8,  98.3,  92.4,  89.8,  85.1,  82.1,  80. ,  77.1,  75.2],
                     [130.4, 116.6, 110.2, 106.5, 100. ,  97.2,  92.2,  88.9,  86.9,  84. ,  81.7],
                     [148.3, 132.7, 125.4, 121.1, 113.8, 110.6, 104.9, 101.2,  98.9,  95.7,  93.8],
                     [148.3, 132.7, 125.4, 121.1, 113.8, 110.6, 104.9, 101.2,  98.9,  95.7,  93.8],
                     [173.2, 154.9, 146.4, 141.4, 132.8, 129.1, 122.5, 118.1, 115.5, 111.8, 109.5],
                     [200. , 178.9, 169. , 163.3, 153.4, 149.1, 141.4, 136.4, 133.3, 129.1, 126.5]]
MuzzleVelocityDiff [[0. , 0. , 0. , 0. , 0. , 0. , 0. , 0. , 0. , 0. , 0. ],
                    [0. , 0. , 0. , 0. , 0. , 0. , 0.7, 1.1, 1.2, 1.1, 1. ],
                    [0. , 0. , 0. , 0. , 0. , 0. , 0.1, 1.2, 1.7, 2.3, 2.2],
                    [0. , 0. , 0. , 0. , 0. , 0. , 0. , 0. , 0. , 1.4, 2.4],
                    [0. , 0. , 0. , 0. , 0. , 0. , 0. , 0. , 0. , 1.4, 2.4],
                    [0. , 0. , 0. , 0. , 0. , 0. , 0. , 0. , 0. , 2.8, 4.6],
                    [0. , 0. , 0. , 0. , 0. , 0. , 0. , 0. , 0. , 3.2, 5.9]]
MuzzleEnergyOld [[1.2  , 1.2  , 1.2  , 1.2  , 1.2  , 1.2  , 1.2  , 1.2  , 1.2  , 1.2  , 1.2  ],
                 [1.45 , 1.45 , 1.45 , 1.45 , 1.45 , 1.45 , 1.427, 1.41 , 1.4  , 1.386, 1.378],
                 [1.7  , 1.7  , 1.7  , 1.7  , 1.7  , 1.7  , 1.697, 1.656, 1.633, 1.602, 1.583],
                 [2.2  , 2.2  , 2.2  , 2.2  , 2.2  , 2.2  , 2.2  , 2.2  , 2.2  , 2.137, 2.089],
                 [2.2  , 2.2  , 2.2  , 2.2  , 2.2  , 2.2  , 2.2  , 2.2  , 2.2  , 2.137, 2.089],
                 [3.   , 3.   , 3.   , 3.   , 3.   , 3.   , 3.   , 3.   , 3.   , 2.853, 2.755],
                 [4.   , 4.   , 4.   , 4.   , 4.   , 4.   , 4.   , 4.   , 4.   , 3.807, 3.635]]
MuzzleEnergyNew [[1.2  , 1.2  , 1.2  , 1.2  , 1.2  , 1.2  , 1.2  , 1.2  , 1.2  , 1.2  , 1.2  ],
                 [1.45 , 1.45 , 1.45 , 1.45 , 1.45 , 1.45 , 1.45 , 1.45 , 1.442, 1.425, 1.416],
                 [1.7  , 1.7  , 1.7  , 1.7  , 1.7  , 1.7  , 1.7  , 1.7  , 1.7  , 1.693, 1.67 ],
                 [2.2  , 2.2  , 2.2  , 2.2  , 2.2  , 2.2  , 2.2  , 2.2  , 2.2  , 2.2  , 2.2  ],
                 [2.2  , 2.2  , 2.2  , 2.2  , 2.2  , 2.2  , 2.2  , 2.2  , 2.2  , 2.2  , 2.2  ],
                 [3.   , 3.   , 3.   , 3.   , 3.   , 3.   , 3.   , 3.   , 3.   , 3.   , 3.   ],
                 [4.   , 4.   , 4.   , 4.   , 4.   , 4.   , 4.   , 4.   , 4.   , 4.   , 4.   ]]
MuzzleEnergyDiff [[0.   , 0.   , 0.   , 0.   , 0.   , 0.   , 0.   , 0.   , 0.   , 0.   , 0.   ],
                  [0.   , 0.   , 0.   , 0.   , 0.   , 0.   , 0.023, 0.04 , 0.042, 0.039, 0.037],
                  [0.   , 0.   , 0.   , 0.   , 0.   , 0.   , 0.003, 0.044, 0.067, 0.092, 0.087],
                  [0.   , 0.   , 0.   , 0.   , 0.   , 0.   , 0.   , 0.   , 0.   , 0.063, 0.111],
                  [0.   , 0.   , 0.   , 0.   , 0.   , 0.   , 0.   , 0.   , 0.   , 0.063, 0.111],
                  [0.   , 0.   , 0.   , 0.   , 0.   , 0.   , 0.   , 0.   , 0.   , 0.147, 0.245],
                  [0.   , 0.   , 0.   , 0.   , 0.   , 0.   , 0.   , 0.   , 0.   , 0.193, 0.365]]
ImpactEnergyOld [[1.2  , 1.2  , 1.2  , 1.2  , 1.2  , 1.2  , 1.2  , 1.2  , 1.2  , 1.2  , 1.2  ],
                 [0.959, 1.042, 1.08 , 1.101, 1.137, 1.153, 1.161, 1.163, 1.165, 1.167, 1.168],
                 [0.744, 0.878, 0.942, 0.98 , 1.046, 1.074, 1.123, 1.128, 1.131, 1.135, 1.138],
                 [0.422, 0.587, 0.676, 0.731, 0.832, 0.879, 0.963, 1.02 , 1.056, 1.074, 1.079],
                 [0.422, 0.587, 0.676, 0.731, 0.832, 0.879, 0.963, 1.02 , 1.056, 1.074, 1.079],
                 [0.252, 0.413, 0.511, 0.575, 0.698, 0.757, 0.869, 0.947, 0.997, 1.016, 1.023],
                 [0.147, 0.284, 0.378, 0.442, 0.573, 0.638, 0.767, 0.86 , 0.921, 0.961, 0.969]]
ImpactEnergyNew [[1.2  , 1.2  , 1.2  , 1.2  , 1.2  , 1.2  , 1.2  , 1.2  , 1.2  , 1.2  , 1.2  ],
                 [0.959, 1.042, 1.08 , 1.101, 1.137, 1.153, 1.179, 1.197, 1.2  , 1.2  , 1.2  ],
                 [0.744, 0.878, 0.942, 0.98 , 1.046, 1.074, 1.125, 1.158, 1.178, 1.2  , 1.2  ],
                 [0.422, 0.587, 0.676, 0.731, 0.832, 0.879, 0.963, 1.02 , 1.056, 1.105, 1.136],
                 [0.422, 0.587, 0.676, 0.731, 0.832, 0.879, 0.963, 1.02 , 1.056, 1.105, 1.136],
                 [0.252, 0.413, 0.511, 0.575, 0.698, 0.757, 0.869, 0.947, 0.997, 1.068, 1.113],
                 [0.147, 0.284, 0.378, 0.442, 0.573, 0.638, 0.767, 0.86 , 0.921, 1.01 , 1.067]]
ImpactEnergyDiff [[0.   , 0.   , 0.   , 0.   , 0.   , 0.   , 0.   , 0.   , 0.   , 0.   , 0.   ],
                  [0.   , 0.   , 0.   , 0.   , 0.   , 0.   , 0.019, 0.033, 0.035, 0.033, 0.032],
                  [0.   , 0.   , 0.   , 0.   , 0.   , 0.   , 0.002, 0.03 , 0.047, 0.065, 0.062],
                  [0.   , 0.   , 0.   , 0.   , 0.   , 0.   , 0.   , 0.   , 0.   , 0.031, 0.058],
                  [0.   , 0.   , 0.   , 0.   , 0.   , 0.   , 0.   , 0.   , 0.   , 0.031, 0.058],
                  [0.   , 0.   , 0.   , 0.   , 0.   , 0.   , 0.   , 0.   , 0.   , 0.052, 0.091],
                  [0.   , 0.   , 0.   , 0.   , 0.   , 0.   , 0.   , 0.   , 0.   , 0.049, 0.097]]
