Masses [0.2 , 0.25, 0.28, 0.3 , 0.34, 0.36, 0.4 , 0.43, 0.45]
Distances [ 0,  5, 10, 20, 20, 30, 40]
MuzzleVelocitiesOld [[100. ,  89.4,  84.5,  81.6,  76.7,  74.2,  70.4,  68. ,  66.6],
                     [115.8, 103.6,  97.9,  94.6,  88.8,  86.3,  81.9,  79. ,  77.2],
                     [132.6, 118.6, 112.1, 108.3, 101.7,  98.6,  93.5,  90.4,  88.4],
                     [145. , 129.6, 122.5, 118.3, 111.1, 108. , 102.5,  98.8,  96.6],
                     [158.5, 141.8, 134. , 129.4, 121.6, 118.1, 112. , 108.1, 105.7],
                     [182.9, 163.6, 154.6, 149.3, 140.3, 136.2, 129.2, 124.7, 121.9],
                     [213.4, 190.8, 180.3, 174.2, 163.6, 159. , 150.8, 145.5, 142.2]]
MuzzleVelocitiesNew [[100. ,  89.4,  84.5,  81.6,  76.7,  74.5,  70.7,  68.2,  66.7],
                     [115.8, 103.5,  97.8,  93.7,  86.6,  83.6,  78.4,  75.1,  73.1],
                     [132.7, 118.7, 112.1, 107.5,  97.8,  93.8,  86.9,  82.6,  80.1],
                     [145.3, 129.9, 122.8, 118.6, 111.4, 108.3, 102.7,  99.1,  96.8],
                     [158.4, 141.7, 133.9, 129.4, 121.5, 118.1, 112. , 107.9, 103.7],
                     [182.8, 163.5, 154.5, 149.2, 140.2, 136.2, 129.2, 124.6, 121.8],
                     [213.3, 190.8, 180.3, 174.2, 163.6, 159. , 150.8, 145.5, 142.2]]
MuzzleVelocityDiff [[ 0. ,  0. ,  0. ,  0. , -0. ,  0.3,  0.3,  0.2,  0.1],
                    [-0. , -0.1, -0.1, -0.9, -2.2, -2.7, -3.5, -3.9, -4.1],
                    [ 0.1,  0.1,  0. , -0.8, -3.9, -4.8, -6.6, -7.8, -8.3],
                    [ 0.3,  0.3,  0.3,  0.3,  0.3,  0.3,  0.2,  0.3,  0.2],
                    [-0.1, -0.1, -0.1, -0. , -0.1, -0. ,  0. , -0.2, -2. ],
                    [-0.1, -0.1, -0.1, -0.1, -0.1,  0. ,  0. , -0.1, -0.1],
                    [-0.1, -0. , -0. , -0. , -0. , -0. ,  0. , -0. ,  0. ]]
MuzzleEnergyOld [[1.   , 0.999, 1.   , 0.999, 1.   , 0.991, 0.991, 0.994, 0.998],
                 [1.341, 1.342, 1.342, 1.342, 1.341, 1.341, 1.342, 1.342, 1.341],
                 [1.758, 1.758, 1.759, 1.759, 1.758, 1.75 , 1.748, 1.757, 1.758],
                 [2.103, 2.1  , 2.101, 2.099, 2.098, 2.1  , 2.101, 2.099, 2.1  ],
                 [2.512, 2.513, 2.514, 2.512, 2.514, 2.511, 2.509, 2.512, 2.514],
                 [3.345, 3.346, 3.346, 3.344, 3.346, 3.339, 3.339, 3.343, 3.343],
                 [4.554, 4.551, 4.551, 4.552, 4.55 , 4.551, 4.548, 4.552, 4.55 ]]
MuzzleEnergyNew [[1.   , 1.   , 1.   , 1.   , 1.   , 1.   , 1.   , 1.   , 1.   ],
                 [1.34 , 1.34 , 1.34 , 1.317, 1.275, 1.258, 1.229, 1.212, 1.202],
                 [1.76 , 1.76 , 1.76 , 1.734, 1.626, 1.582, 1.511, 1.468, 1.444],
                 [2.11 , 2.11 , 2.11 , 2.11 , 2.11 , 2.11 , 2.11 , 2.11 , 2.11 ],
                 [2.51 , 2.51 , 2.51 , 2.51 , 2.51 , 2.51 , 2.51 , 2.501, 2.417],
                 [3.34 , 3.34 , 3.34 , 3.34 , 3.34 , 3.34 , 3.34 , 3.34 , 3.34 ],
                 [4.55 , 4.55 , 4.55 , 4.55 , 4.55 , 4.55 , 4.55 , 4.55 , 4.55 ]]
MuzzleEnergyDiff [[ 0.   ,  0.001,  0.   ,  0.001, -0.   ,  0.009,  0.009,  0.006,  0.002],
                  [-0.001, -0.002, -0.002, -0.025, -0.066, -0.083, -0.112, -0.13 , -0.139],
                  [ 0.002,  0.002,  0.001, -0.025, -0.133, -0.168, -0.237, -0.289, -0.315],
                  [ 0.007,  0.01 ,  0.009,  0.011,  0.012,  0.01 ,  0.009,  0.011,  0.01 ],
                  [-0.002, -0.003, -0.004, -0.002, -0.004, -0.001,  0.001, -0.011, -0.096],
                  [-0.005, -0.006, -0.006, -0.004, -0.006,  0.001,  0.001, -0.003, -0.003],
                  [-0.004, -0.001, -0.001, -0.002, -0.   , -0.001,  0.002, -0.002,  0.   ]]
ImpactEnergyOld [[1.   , 0.999, 1.   , 0.999, 1.   , 0.991, 0.991, 0.994, 0.998],
                 [0.887, 0.964, 0.999, 1.019, 1.051, 1.066, 1.091, 1.107, 1.116],
                 [0.77 , 0.908, 0.975, 1.014, 1.082, 1.106, 1.157, 1.196, 1.218],
                 [0.403, 0.56 , 0.645, 0.698, 0.794, 0.838, 0.92 , 0.973, 1.007],
                 [0.481, 0.67 , 0.772, 0.835, 0.951, 1.003, 1.098, 1.165, 1.206],
                 [0.281, 0.461, 0.57 , 0.641, 0.779, 0.843, 0.967, 1.056, 1.111],
                 [0.167, 0.324, 0.43 , 0.503, 0.651, 0.726, 0.872, 0.979, 1.048]]
ImpactEnergyNew [[1.   , 1.   , 1.   , 1.   , 1.   , 1.   , 1.   , 1.   , 1.   ],
                 [0.887, 0.963, 0.998, 1.   , 1.   , 1.   , 1.   , 1.   , 1.   ],
                 [0.77 , 0.909, 0.976, 1.   , 1.   , 1.   , 1.   , 1.   , 1.   ],
                 [0.404, 0.563, 0.648, 0.701, 0.798, 0.843, 0.924, 0.978, 1.012],
                 [0.481, 0.669, 0.771, 0.834, 0.95 , 1.002, 1.099, 1.16 , 1.16 ],
                 [0.28 , 0.46 , 0.569, 0.64 , 0.777, 0.843, 0.967, 1.055, 1.11 ],
                 [0.167, 0.324, 0.43 , 0.503, 0.651, 0.726, 0.872, 0.978, 1.048]]
ImpactEnergyDiff [[ 0.   ,  0.001,  0.   ,  0.001, -0.   ,  0.009,  0.009,  0.006,  0.002],
                  [-0.001, -0.001, -0.001, -0.019, -0.051, -0.066, -0.091, -0.107, -0.116],
                  [ 0.001,  0.001,  0.   , -0.014, -0.082, -0.106, -0.157, -0.196, -0.218],
                  [ 0.001,  0.003,  0.003,  0.004,  0.004,  0.004,  0.004,  0.005,  0.005],
                  [-0.   , -0.001, -0.001, -0.001, -0.001, -0.   ,  0.001, -0.005, -0.046],
                  [-0.   , -0.001, -0.001, -0.001, -0.001,  0.   ,  0.   , -0.001, -0.001],
                  [-0.   , -0.   , -0.   , -0.   , -0.   , -0.   ,  0.   , -0.   ,  0.   ]]
